# x    y
0.0    3.87
0.5    6.02
1.0    8.59
1.5    5.77
2.0    9.41
2.5    9.90
3.0    13.76
3.5    9.85
4.0    16.25
4.5    11.91
5.0    14.75
5.5    17.39
6.0    18.42
6.5    13.25
7.0    20.83
7.5    17.91
8.0    23.46
8.5    18.22
9.0    25.94
9.5    22.74
10.0   28.33
10.5   22.52
11.0   29.92
11.5   25.45
12.0   33.76
12.5   27.18
13.0   33.54
13.5   30.33
14.0   36.17
14.5   32.84
15.0   37.25
15.5   35.76
16.0   40.58
16.5   36.44
17.0   42.83
17.5   40.16
18.0   45.23
18.5   42.72
19.0   48.09
19.5   44.62
20.0   50.54
